0.99900
0.99800
0.99700
0.99600
0.99500
0.99400
0.99300
0.98960
0.98740
0.98640
0.98540
0.98440
0.98340
0.98240
0.98140
0.98040
0.97940
0.97840
0.97740
0.97640
0.97540
0.97440
0.97340
0.97240
0.97140
0.97040
0.96940
0.96840
0.96740
0.96640
0.96540
0.96440
0.96340
0.96240
0.96140
0.96040
0.95940
0.95840
0.95740
0.95640
0.95540
0.95440
0.95340
0.95240
0.95140
0.95040
0.94940
0.94840
0.94740
0.94640
0.94540
0.94440
0.94340
0.94240
0.94140
0.94040
0.93940
0.93780
0.93560
0.93460
0.93360
0.93260
0.93160
0.93060
0.92960
0.92860
0.92760
0.92660
0.92560
0.92460
0.92360
0.92260
0.92160
0.92060
0.91960
0.91860
0.91760
0.91660
0.91560
0.91460
0.91360
0.91260
0.91160
0.91060
0.90960
0.90860
0.90760
0.90660
0.90560
0.90460
0.90360
0.90260
0.90160
0.90060
0.89960
0.89860
0.89760
0.89660
0.89560
0.89460
0.89360
0.89260
0.89160
0.89060
0.88960
0.88860
0.88760
0.88660
0.88560
0.88460
0.88360
0.88260
0.88040
0.87760
0.87600
0.87500
0.87400
0.87300
0.87200
0.87100
0.87000
0.86900
0.86800
0.86700
0.86600
0.86500
0.86400
0.86300
0.86200
0.86100
0.86000
0.85900
0.85800
0.85700
0.85600
0.85500
0.85400
0.85300
0.85200
0.85100
0.85000
0.84900
0.84800
0.84700
0.84600
0.84500
0.84400
0.84300
0.84200
0.84100
0.84000
0.83900
0.83800
0.83700
0.83600
0.83500
0.83400
0.83300
0.83200
0.83040
0.82820
0.82720
0.82620
0.82520
0.82420
0.82320
0.82220
0.82120
0.82020
0.81920
0.81820
0.81720
0.81620
0.81520
0.81420
0.81320
0.81220
0.81120
0.81020
0.80920
0.80820
0.80720
0.80620
0.80520
0.80420
0.80320
0.80220
0.80120
0.80020
0.79920
0.79820
0.79720
0.79620
0.79520
0.79420
0.79320
0.79220
0.79120
0.79020
0.78920
0.78820
0.78720
0.78620
0.78520
0.78420
0.78320
0.78220
0.78120
0.78020
0.77920
0.77820
0.77720
0.77620
0.77520
0.77420
0.77320
0.77220
0.77120
0.77020
0.76920
0.76820
0.76720
0.76560
0.76460
0.76360
0.76260
0.76160
0.76060
0.75960
0.75860
0.75760
0.75660
0.75560
0.75460
0.75360
0.75260
0.75160
0.75060
0.74960
0.74860
0.74760
0.74660
0.74560
0.74460
0.74360
0.74260
0.74160
0.74060
0.73960
0.73860
0.73760
0.73660
0.73560
0.73460
0.73360
0.73260
0.73160
0.73060
0.72960
0.72860
0.72760
0.72660
0.72560
0.72460
0.72360
0.72260
0.72160
0.72060
0.71960
0.71860
0.71760
0.71660
0.71560
0.71460
0.71360
0.71260
0.71160
0.71060
0.70960
0.70860
0.70760
0.70660
0.70560
0.70460
0.70360
0.70260
0.70160
0.70060
0.69960
0.69860
0.69760
0.69660
0.69560
0.69460
0.69360
0.69260
0.69160
0.69060
0.68960
0.68860
0.68760
0.68660
0.68560
0.68460
0.68360
0.68260
0.68160
0.68060
0.67960
0.67860
0.67760
0.67660
0.67560
0.67460
0.67360
0.67260
0.67160
0.67060
0.66960
0.66860
0.66760
0.66660
0.66560
0.66460
0.66360
0.66260
0.66160
0.66060
0.65960
0.65860
0.65760
0.65660
0.65500
0.65400
0.65300
0.65200
0.65100
0.65000
0.64900
0.64800
0.64700
0.64600
0.64500
0.64400
0.64300
0.64200
0.64100
0.64000
0.63900
0.63800
0.63700
0.63600
0.63500
0.63400
0.63300
0.63200
0.63100
0.63000
0.62900
0.62800
0.62700
0.62600
0.62500
0.62400
0.62300
0.62200
0.62100
0.62000
0.61900
0.61800
0.61700
0.61600
0.61500
0.61400
0.61300
0.61200
0.61100
0.61000
0.60900
0.60800
0.60700
0.60600
0.60500
0.60400
0.60300
0.60200
0.60100
0.60000
0.59900
0.59800
0.59700
0.59600
0.59500
0.59400
0.59300
0.59200
0.59100
0.59000
0.58900
0.58800
0.58700
0.58600
0.58500
0.58400
0.58300
